ID	orig_x	orig_y	orig_z	Annotation	label_conf	world_x	world_y	world_z
DH0001_MMIR_SNA	-33.4312	-228.153	34.0232	A		-13.78526594	4.182237389	-8.468810354
DH0002_MMIR_SNA	-34.2452	-227.61	33.6376	B		-14.24834678	4.516906052	-8.738141377
DH0003_MMIR_SNA	-35.7608	-228.147	34.0095	C		-15.17435424	4.178386944	-8.636298553
DH0004_MMIR_SNA	-32.8539	-228.75	34.0687	D		-13.43984802	3.824718722	-8.419969997
DH0005_MMIR_SNA	-34.14025888	-229.1076952	34.96781585	E		-14.26626047	3.578494944	-7.982903917
DH0006_MMIR_SNA	-35.7034	-229.611	35.2992	F		-15.21809989	3.261257579	-7.907455862
DH0007_MMIR_SNA	-37.0251	-230.074	35.1485	G		-15.9932718	2.983665502	-8.101561182
DH0008_MMIR_SNA	-37.44289537	-231.6180937	35.64460421	H		-16.26586984	2.041015601	-7.880566081
DH0009_MMIR_SNA	-32.7001	-230.041	34.7672	I		-13.38692804	3.029653455	-8.03167966
DH0010_MMIR_SNA	-34.2042	-230.496	36.1152	J1		-14.373214	2.710684672	-7.344921806
DH0011_MMIR_SNA	-36.5559	-231.288	36.4594	K		-15.7944624	2.217233819	-7.324435511
DH0012_MMIR_SNA	-32.3602	-231.528	35.2897	L		-13.20962829	2.123004652	-7.741374429
DH0013_MMIR_SNA	-33.4973	-231.578	36.4218	M		-13.96497315	2.054760008	-7.146073192
DH0014_MMIR_SNA	-33.5947	-231.434	36.3758	N		-14.02093169	2.142201701	-7.175860875
DH0015_MMIR_SNA	-36.37111936	-232.0448965	36.63613001	O		-15.69110712	1.75849352	-7.229034513
DH0016_MMIR_SNA	-37.3515	-232.757	36.3263	P1		-16.25007468	1.337477315	-7.502027526
DH0017_MMIR_SNA	-34.3662	-234.136	36.4808	Q		-14.47000171	0.515726603	-7.246677447
DH0018_MMIR_SNA	-46.8011	-226.9	35.3571	R		-21.86209386	4.848103258	-8.551954444
DH0019_MMIR_SNA	-63.5114	-231.648	38.6109	S		-32.02206639	1.844885782	-7.898624143
DH0020_MMIR_SNA	-84.2091	-228.807	39.9465	T		-44.48204764	3.438451455	-8.435125071
DH0021_MMIR_SNA	-84.1765	-226.61	39.0034	U		-44.41324056	4.785006794	-8.929402043
DH0022_MMIR_SNA	-86.26	-226.661	39.7135	V		-45.70447351	4.725795347	-8.650409148
DH0023_MMIR_SNA	-89.5022	-226.688	39.6885	W		-47.63707911	4.699413445	-8.888099111
DH0024_MMIR_SNA	-88.2186	-228.049	40.2738	X		-46.90185267	3.869617588	-8.491999624
DH0025_MMIR_SNA	-90.3107	-228.945	40.659	Y		-48.17029564	3.313416973	-8.432407089
DH0026_MMIR_SNA	-91.9678	-229.205	41.2809	Z		-49.19967151	3.132966808	-8.183011837
DH0027_MMIR_SNA	-88.4392	-240.129	43.5852	A1		-47.17701668	-3.477458614	-6.893946863
DH0028_MMIR_SNA	-89.6385	-240.602	43.7797	B1		-47.9026357	-3.771129292	-6.874256476
DH0029_MMIR_SNA	-91.1997	-240.437	45.2569	D1		-48.93602975	-3.722338168	-6.095928019
DH0030_MMIR_SNA	-91.3495	-241.789	45.3863	E1		-49.02502119	-4.537716552	-6.069384458
DH0031_MMIR_SNA	-89.2933	-242.497	45.6996	F1		-47.81471152	-4.964961276	-5.763007765
DH0032_MMIR_SNA	-87.7403	-243.312	45.3462	G1		-46.85843587	-5.43781721	-5.891577941
DH0033_MMIR_SNA	-85.5806	-243.471	44.4443	H1		-45.50722307	-5.498477359	-6.285913627
DH0034_MMIR_SNA	-84.6371	-242.871	44.0797	I1		-44.92349281	-5.124323992	-6.420698234
DH0035_MMIR_SNA	-84.6371	-242.871	44.0797	I1		-44.92349281	-5.124323992	-6.420698234
DH0036_MMIR_SNA	-86.1718	-245.01	44.9796	J2		-45.88599324	-6.439849035	-6.053281544
DH0037_MMIR_SNA	-87.782	-244.485	45.3292	L1		-46.87416211	-6.14101472	-5.939539199
DH0038_MMIR_SNA	-90.0985	-243.833	45.736	M1		-48.28852009	-5.770128542	-5.836282071
DH0039_MMIR_SNA	-90.8766	-245.268	46.0512	Q1		-48.76450174	-6.64306049	-5.744508822
DH0040_MMIR_SNA	-87.9798	-246.588	46.1269	N1		-47.03226035	-7.427325952	-5.54041786
DH0041_MMIR_SNA	-86.3496	-245.785	46.1121	O1		-46.06404684	-6.939726825	-5.413678009
DH0042_MMIR_SNA	-84.783	-245.972	45.0163	R1		-45.05329674	-7.013289728	-5.965006819
DH0043_MMIR_SNA	-88.3712	-247.861	46.3653	S1		-47.27337864	-8.199448852	-5.463104753
DH0044_MMIR_SNA	-89.39450361	-248.3255959	46.78671701	T1		-47.90952307	-8.49438255	-5.295888091
DH0045_MMIR_SNA	-90.7738	-250.104	47.0726	U1		-48.73987494	-9.574429338	-5.272987573
DH0046_MMIR_SNA	-88.5165	-249.607	46.5766	V1		-47.3625862	-9.253625658	-5.39919473
DH0047_MMIR_SNA	-86.49019356	-249.2813024	46.33696257	W1		-46.13944166	-9.044143496	-5.393552345
DH0048_MMIR_SNA	-90.2661	-251.153	47.3513	X1		-48.44881081	-10.21038482	-5.103420126
DH0049_MMIR_SNA	-88.5073	-251.072	47.0678	Y1		-47.38061724	-10.1472438	-5.149528334
DH0050_MMIR_SNA	-86.8726	-251.23	47.0773	Z1		-46.4048263	-10.23678262	-5.03665359
DH0051_MMIR_SNA	-85.6283	-251.63	47.1473	A2		-45.66444927	-10.47463202	-4.921670983
DH0052_MMIR_SNA	-82.2147	-252.385	46.0006	B2		-43.5443226	-10.88110164	-5.393808187
DH0053_MMIR_SNA	-86.61208313	-253.3643712	47.05462052	C1		-46.23329154	-11.51542414	-5.095972491
DH0054_MMIR_SNA	-86.5005	-254.756	47.0671	D2		-46.15808039	-12.35013532	-5.12239007
DH0055_MMIR_SNA	-84.4126	-255.407	46.8401	E2		-44.8923904	-12.72665932	-5.134121791
DH0056_MMIR_SNA	-54.3229	-235.637	39.2075	F2		-26.55315177	-0.534855705	-7.032917684
DH0057_MMIR_SNA	-44.1261	-240.842	39.0838	G2		-20.42520293	-3.618661372	-6.563677511
DH0058_MMIR_SNA	-42.75216491	-240.198556	39.00392964	H2		-19.6043667	-3.225652211	-6.498018154
DH0059_MMIR_SNA	-41.2889	-240.54	39.1158	I2		-18.73659694	-3.428912824	-6.341345896
DH0060_MMIR_SNA	-40.30439014	-240.4648011	38.59342801	J3		-18.1140589	-3.364604168	-6.582990984
DH0061_MMIR_SNA	-40.75911268	-241.9004004	39.14401747	K1		-18.41314594	-4.24395937	-6.328820089
DH0062_MMIR_SNA	-40.75911268	-241.9004004	39.14401747	K1		-18.41314594	-4.24395937	-6.328820089
DH0063_MMIR_SNA	-42.58243873	-241.7291514	39.21478324	L2		-19.50704807	-4.149550613	-6.406382224
DH0064_MMIR_SNA	-44.4979	-242.252	39.8906	M2		-20.69246429	-4.490170552	-6.150383451
DH0065_MMIR_SNA	-45.805	-242.458	39.7619	N2		-21.46217726	-4.614231741	-6.322715798
DH0066_MMIR_SNA	-44.2893	-243.694	40.172	O2		-20.57736709	-5.362942121	-6.011403874
DH0067_MMIR_SNA	-43.2124	-244.03	40.121	P3		-19.92905376	-5.559290793	-5.978081465
DH0068_MMIR_SNA	-40.95375061	-244.1805472	40.00368947	Q2		-18.5723773	-5.638397699	-5.897833567
DH0069_MMIR_SNA	-44.684	-247.459	40.9593	R2		-20.84091065	-7.646481098	-5.681517456
DH0070_MMIR_SNA	-44.4406	-248.469	40.7087	S2		-20.67170556	-8.243846204	-5.844306463
DH0071_MMIR_SNA	-50.7037	-243.451	40.467	U2		-24.42636925	-5.247814652	-6.267541161
DH0072_MMIR_SNA	-49.0348	-243.703	40.1572	V2		-23.40775189	-5.383913374	-6.345406554
DH0073_MMIR_SNA	-50.5582	-243.383	40.4519	W2		-24.33898853	-5.206077482	-6.264549987
DH0074_MMIR_SNA	-55.3613	-239.504	40.0192	X2		-27.20173529	-2.882490142	-6.735604846
DH0075_MMIR_SNA	-59.59870808	-242.1217592	41.52394453	Y2		-29.81483094	-4.51269059	-6.207070082
DH0076_MMIR_SNA	-59.6156	-243.334	41.7887	Z2		-29.83470665	-5.247906384	-6.086597625
DH0077_MMIR_SNA	-65.0838	-243.638	42.5538	A3		-33.14748597	-5.471969173	-6.01411601
DH0078_MMIR_SNA	-64.6939	-245.137	42.9307	B3		-32.93033978	-6.381220712	-5.807511905
DH0079_MMIR_SNA	-66.1515	-243.004	41.9411	C2		-33.74706917	-5.076671024	-6.433438626
DH0080_MMIR_SNA	-65.9049	-243.672	42.3284	D3		-33.62179787	-5.488283021	-6.205670374
DH0081_MMIR_SNA	-66.8421	-245.009	42.8142	E3		-34.20501314	-6.30815719	-6.020203454
DH0082_MMIR_SNA	-88.3993	-261.018	48.4424	F3		-47.34215133	-16.15434538	-4.619535441
DH0083_MMIR_SNA	-87.3137	-262.849	48.3192	G3		-46.67353256	-17.24518117	-4.673219675
DH0084_MMIR_SNA	-86.222	-263.613	48.4033	H3		-46.02268685	-17.70230416	-4.571136141
DH0085_MMIR_SNA	-86.3802	-265.486	48.5297	I3		-46.11293458	-18.83011911	-4.562490177
DH0086_MMIR_KAL	27.8543	-21.2487	-19.3366	A		42.78129492	8.563869982	-6.700137828
DH0087_MMIR_KAL	28.9842	-21.1975	-19.7668	B		42.82676288	9.397498857	-6.59204827
DH0088_MMIR_KAL	27.9706	-17.8327	-18.2536	C		40.28839085	8.597328678	-6.624127462
DH0089_MMIR_KAL	28.03560927	-15.04131505	-16.95639417	D		38.17042259	8.476270271	-6.329396507
DH0090_MMIR_KAL	28.3348	-13.049	-16.85	E		36.81871185	8.803378783	-6.518206021
DH0091_MMIR_KAL	30.0382	-14.9201	-17.7007	F		38.2271051	9.95074227	-6.132483136
DH0092_MMIR_KAL	30.0322	-16.4047	-18.2335	G		39.32254251	9.983126388	-6.187466685
DH0093_MMIR_KAL	31.0235	-16.6936	-18.798	H		39.62196285	10.74381615	-6.144121059
DH0094_MMIR_KAL	28.3706	-11.7522	-16.2463	I		35.834531	8.750241949	-6.378828451
DH0095_MMIR_KAL	29.0659	-10.555	-16.1229	J		35.00834367	9.244436204	-6.288458196
DH0096_MMIR_KAL	29.424	-9.72929	-16.2241	K		34.47566826	9.569487841	-6.375486761
DH0097_MMIR_KAL	29.5073	-11.4884	-16.4299	L		35.68963079	9.529185289	-6.160756894
DH0098_MMIR_KAL	29.9906	-10.5104	-16.5598	M		35.0604261	9.953655703	-6.250363419
DH0099_MMIR_KAL	30.221	-7.05118	-16.01	N		32.64298164	10.22909213	-6.458160403
DH0100_MMIR_KAL	33.124	-7.82136	-16.9911	O		33.33712392	12.25161378	-5.949275735
DH0101_MMIR_KAL	33.2046	-6.86966	-16.885	P		32.68083821	12.3521941	-6.027368313
DH0102_MMIR_KAL	34.253	-6.88565	-17.2711	Q		32.76283011	13.11593017	-5.908253305
DH0103_MMIR_KAL	28.7579	-5.93199	-15.2549	R		31.75409093	9.192533573	-6.689543154
DH0104_MMIR_KAL	29.4832	-0.84965	-14.3767	S		28.18681815	9.812387221	-6.826730414
DH0105_MMIR_KAL	29.5482	-0.0144652	-14.1011	T		27.57503811	9.839598747	-6.789808832
DH0106_MMIR_KAL	27.4979	-0.393498	-13.4873	U		27.71625857	8.354084312	-7.033893515
DH0107_MMIR_KAL	28.182	0.346838	-13.7758	V		27.27594785	8.930675997	-7.109331951
DH0108_MMIR_KAL	33.2348	-14.3515	-18.8582	W		38.06125484	12.32803092	-5.865956804
DH0109_MMIR_KAL	33.3653	-11.1183	-18.3128	X		35.7959361	12.5234602	-6.069427054
DH0110_MMIR_KAL	28.2566	4.85482	-11.8691	Y		23.89263814	8.775871284	-6.754017986
DH0111_MMIR_KAL	29.413	7.83536	-11.437	Z		21.81372476	9.61418711	-6.64379244
DH0112_MMIR_KAL	27.2773	8.63719	-10.1445	A1		21.03391752	7.967204342	-6.723755178
DH0113_MMIR_KAL	26.3754	8.09219	-8.80909	B1		21.13906174	6.944223039	-6.138172294
DH0114_MMIR_KAL	25.9858	9.19929	-8.93418	C1		20.42656187	6.842932361	-6.533500784
DH0115_MMIR_KAL	27.1341	10.8245	-9.32459	D1		19.41377248	7.815172451	-6.672008478
DH0116_MMIR_KAL	29.6577	7.45294	-11.6292	E1		22.105629	9.790981587	-6.609621889
DH0117_MMIR_KAL	28.8547	9.83827	-10.6651	F1		20.32787545	9.206151551	-6.723908048
DH0118_MMIR_KAL	29.7806	10.3071	-9.60231	G1		19.80210261	9.48096896	-5.877775445
DH0119_MMIR_KAL	30.6079	9.26156	-11.0598	H1		20.78266475	10.35532424	-6.28066886
DH0120_MMIR_KAL	30.6255	10.9451	-9.4321	I1		19.33922494	10.00252742	-5.612809537
DH0121_MMIR_KAL	32.04613661	9.997869106	-11.39484157	J1		20.35090551	11.40906084	-6.135763124
DH0122_MMIR_KAL	30.2976	6.80733	-12.1515	K1		22.6363221	10.29100827	-6.594000145
DH0123_MMIR_KAL	30.7968	7.894	-12.1801	L1		21.91462135	10.70295436	-6.637876271
DH0124_MMIR_KAL	31.1381	6.15919	-12.5131	M1		23.13624544	10.86325552	-6.417714412
DH0125_MMIR_KAL	30.8501	5.21873	-12.9203	N1		23.84511307	10.73132181	-6.586616539
DH0126_MMIR_KAL	32.0907	7.24604	-12.5473	O1		22.41355131	11.55524386	-6.316408238
DH0127_MMIR_KAL	32.111	6.16697	-12.4992	P1		23.12408616	11.45665251	-6.092237981
DH0128_MMIR_KAL	25.1536	10.9944	-8.4277	Q1		19.13273945	6.332017976	-6.822995534
DH0129_MMIR_KAL	25.3602	13.3846	-8.96004	R1		17.64145795	6.839042673	-7.487577857
DH0130_MMIR_KAL	25.8583	14.7935	-8.16053	S1		16.54197328	7.017852988	-7.101270804
DH0131_MMIR_KAL	26.03137318	16.07724398	-8.052127887	T1		15.66325538	7.203965026	-7.205949488
DH0132_MMIR_KAL	26.6871	16.2135	-8.60987	U1		15.67909646	7.794354847	-7.343101031
DH0133_MMIR_KAL	28.3731	15.2666	-8.92807	V1		16.36617512	8.845271475	-6.811960914
DH0134_MMIR_KAL	28.2121	12.6457	-8.62268	W1		18.05581292	8.417287485	-6.225466175
DH0135_MMIR_KAL	29.5243	14.1237	-9.45226	X1		17.22686158	9.615500669	-6.542771281
DH0136_MMIR_KAL	29.74733255	15.04039267	-9.367612224	Y1		16.59753293	9.80714763	-6.580689254
DH0137_MMIR_KAL	30.8235	15.4732	-9.93337	Z1		16.41522659	10.68444861	-6.636848026
DH0138_MMIR_KAL	31.0313	12.8543	-9.78968	A2		18.13370543	10.53396441	-6.025010123
DH0139_MMIR_KAL	31.6029	14.046	-10.4848	B2		17.47260258	11.20982271	-6.455603327
DH0140_MMIR_KAL	32.2996	15.8575	-10.5268	C2		16.26898749	11.81161063	-6.569781007
DH0141_MMIR_KAL	32.54848339	14.56213576	-10.91041583	D2		17.20771448	11.97020093	-6.486722523
DH0142_MMIR_KAL	32.0992	13.1445	-10.9446	E2		18.16239543	11.57927568	-6.405383161
DH0143_MMIR_KAL	35.0249	14.788	-11.3296	F2		17.12859951	13.6422612	-5.961743432
DH0144_MMIR_KAL	33.8944	13.8431	-11.5532	G2		17.80801232	12.9349869	-6.297836983
DH0145_MMIR_KAL	34.0044	13.0396	-11.0459	H2		18.24401202	12.77115248	-5.822533946
DH0146_MMIR_KAL	33.3701	11.7523	-11.7573	I2		19.24562689	12.49177862	-6.222954868
DH0147_MMIR_KAL	30.8793	7.39317	-12.0855	J2		22.22987924	10.67925699	-6.46738714
DH0148_MMIR_KAL	32.4501	8.38233	-12.6888	K2		21.68153703	11.92139712	-6.481178266
DH0149_MMIR_KAL	33.1284	7.15552	-13.1475	L2		22.58740481	12.37329378	-6.313650488
DH0150_MMIR_KAL	33.4883	6.43621	-13.4729	M2		23.12979821	12.6328497	-6.261009693
DH0151_MMIR_KAL	35.2992	5.19366	-13.8508	N2		24.02535779	13.75297167	-5.672225343
DH0152_MMIR_KAL	35.3059	14.6174	-11.4739	O2		17.26958107	13.84505339	-5.92465665
DH0153_MMIR_KAL	36.6525	12.7663	-11.9176	P2		18.58618775	14.64689634	-5.419931715
DH0154_MMIR_KAL	35.08057512	11.50251465	-12.35262909	Q2		19.52187383	13.70703626	-5.969040674
DH0155_MMIR_KAL	36.7267	10.148	-13.1293	R2		20.57124248	14.84181132	-5.649128765
DH0156_MMIR_KAL	35.2992	5.19366	-13.8508	N2		24.02535779	13.75297167	-5.672225343
DH0157_MMIR_KAL	38.1624	5.8639	-15.1538	S2		23.82173061	15.98055213	-5.618301148
DH0158_MMIR_KAL	38.2698	6.8022	-14.8964	T2		23.14453302	16.04868629	-5.596278894
DH0159_MMIR_KAL	37.7765	7.91526	-14.2463	U2		22.276148	15.63987397	-5.570692082
DH0160_MMIR_KAL	37.9705	10.1875	-13.5969	V2		20.6313729	15.75609505	-5.523677155
DH0161_MMIR_KAL	38.7135	11.2914	-13.4992	W2		19.87228936	16.27937616	-5.416436995
DH0162_MMIR_KAL	40.25582069	15.59660111	-12.95699018	Z2		16.88609126	17.43753022	-5.347344708
DH0163_MMIR_KAL	39.4911	13.6326	-13.2454	A3		18.25670868	16.88462003	-5.423033208
DH0164_MMIR_KAL	39.6907	11.426	-13.7861	B3		19.8346034	16.98151995	-5.288706904
DH0165_MMIR_KAL	39.6557	10.1227	-14.1109	C3		20.76830201	16.94663623	-5.262648045
DH0166_MMIR_KAL	39.0594	8.75677	-14.4668	D3		21.75235062	16.57151173	-5.427746745
DH0167_MMIR_KAL	39.5164	8.60414	-14.5763	E3		21.87373459	16.87294339	-5.315696344
DH0168_MMIR_KAL	38.7973	7.01963	-15.0679	F3		23.03085012	16.44581605	-5.562497589
DH0169_MMIR_KAL	38.9527	4.89336	-15.7067	G3		24.57461308	16.55365735	-5.514433051
DH0170_MMIR_KAL	42.1919	15.1417	-14.1125	H3		17.40833286	18.94963792	-5.313034809
DH0172_MMIR_KAL	40.2517	15.1508	-13.4194	I3		17.27448208	17.54118056	-5.542481931
DH0173_MMIR_KAL	41.8601	9.93395	-15.1129	J3		21.08159792	18.5986676	-5.096838979
DH0174_MMIR_KAL	42.0911	8.09331	-15.7915	K3		22.44224972	18.79083525	-5.097510107
DH0176_MMIR_KAL	43.2965	7.5709	-16.742	M3		22.97242836	19.78387448	-5.170113444
DH0177_MMIR_KAL	42.0063	4.81766	-16.9709	N3		24.86030623	18.81957383	-5.244512879
DH0178_MMIR_KAL	41.4688	0.56143	-18.1826	O3		27.9410354	18.49353236	-5.386831534
DH0179_MMIR_KAL	39.9426	-0.653685	-18.1061	P3		28.74350577	17.4247801	-5.628643868
DH0180_MMIR_KAL	42.11069815	-2.015046857	-19.20308417	Q3		29.85812704	18.98028323	-5.324954736
DH0181_MMIR_KAL	43.4234	5.1284	-17.9062	R3		24.83060422	20.01177762	-5.384941186
DH0193_MMIR_SNA	21.5892	-44.3792	-7.12755	SB1		-19.7453225	21.26250252	-16.55862787
DH0194_MMIR_SNA	18.1693	-51.3308	-6.26788	SB2		-17.79431657	20.61878511	-16.12210776
DH0195_MMIR_SNA	17.0548	-46.8536	-6.53545	SB3		-18.97502949	20.33071744	-15.85068206
DH0196_MMIR_SNA	18.3758	-45.3534	-6.72113	SB4		-19.40782854	20.60058078	-16.03084605
DH0197_MMIR_SNA	15.2397	-35.8864	-8.5276	SB5		-21.92755156	19.6317693	-15.61804218
DH0198_MMIR_SNA	15.1791	-47.1816	-5.18038	SB6		-18.80726414	20.11075555	-15.28496575
DH0199_MMIR_SNA	15.0219	-50.6414	-4.69723	SB7		-17.86567089	20.14567626	-15.28311439
DH0200_MMIR_SNA	11.2604	-47.301	-5.98193	SB8		-18.72147455	19.11108189	-14.89014006
DH0201_MMIR_SNA	12.6024	-43.2644	-7.89951	SB9		-19.88578236	19.12921749	-15.36426612
DH0202_MMIR_SNA	8.91884	-42.9316	-6.01961	SB10		-19.8414823	18.5814919	-14.39072349
DH0203_MMIR_SNA	9.0869	-45.915	-5.61238	SB11		-19.03595835	18.67841681	-14.43596732
DH0204_MMIR_SNA	7.52359	-51.0131	-3.93958	SB12		-17.59157199	18.57364412	-14.0231962
DH0205_MMIR_SNA	7.50314	-53.423	-3.10662	SB13		-16.92196924	18.69182404	-13.92459222
DH0206_MMIR_SNA	6.56921	-55.629	-3.77676	SB14		-16.33540796	18.38126888	-14.01814968
DH0207_MMIR_SNA	4.007	-53.514	-3.51288	SB15		-16.83990643	17.84590158	-13.50305198
DH0208_MMIR_SNA	4.42198	-49.2053	-3.56105	SB16		-17.9996248	17.93400581	-13.41452508
DH0209_MMIR_SNA	3.93386	-45.8363	-4.67365	SB17		-18.92367638	17.66042421	-13.46467409
DH0210_MMIR_SNA	3.61408	-42.564	-5.97941	SB18		-19.83136219	17.39588046	-13.58620753
DH0211_MMIR_SNA	4.55852	-38.7253	-6.78704	SB19		-20.90010024	17.48972891	-13.76217371
DH0212_MMIR_SNA	5.65307	-34.258	-8.97872	SB20		-22.18293681	17.41169984	-14.24477152
DH0213_MMIR_SNA	0.703539	-36.0606	-8.24963	SB21		-21.57926588	16.40734916	-13.42015158
DH0214_MMIR_SNA	0.662389	-38.1536	-6.83638	SB22		-20.97565259	16.6073559	-13.17760201
DH0215_MMIR_SNA	1.69794	-41.5418	-5.74356	SB23		-20.05813432	17.00097152	-13.21325603
DH0216_MMIR_SNA	2.40055	-44.4706	-4.40705	SB24		-19.24887347	17.35625901	-13.12852016
DH0217_MMIR_SNA	0.418381	-48.3598	-3.2027	SB25		-18.13331749	17.08826898	-12.71322151
DH0218_MMIR_SNA	-0.621282	-51.2562	-3.56555	SB26		-17.3507623	16.79934701	-12.74853495
DH0219_MMIR_SNA	-2.75467	-49.8943	-3.07228	SB27		-17.65575105	16.39408734	-12.27364778
DH0220_MMIR_SNA	-2.36616	-46.3832	-3.00046	SB28		-18.59832815	16.49371739	-12.18421915
DH0221_MMIR_SNA	-2.06785	-44.5277	-3.72968	SB29		-19.12233625	16.45313175	-12.3213387
DH0222_MMIR_SNA	-1.46636	-40.6515	-4.92393	SB30		-20.20626777	16.41243518	-12.53137124
DH0223_MMIR_SNA	-1.61647	-38.4127	-6.63508	SB31		-20.85425776	16.12521182	-12.80657591
DH0224_MMIR_SNA	-2.84129	-35.919	-7.85964	SB32		-21.53337196	15.66905299	-12.80563431
DH0225_MMIR_SNA	-2.93527	-34.5044	-9.01618	SB33		-21.94518413	15.47655623	-12.99641267
DH0226_MMIR_SNA	-5.74942	-33.85	-8.79202	SB34		-22.05606216	14.87798732	-12.5073938
DH0227_MMIR_SNA	-5.10024	-37.9021	-7.17018	SB35		-20.93702328	15.26318642	-12.39312489
DH0228_NSEQ	-4.99344	-40.3452	-4.6032	SB36		-20.20685229	15.66790101	-11.92874666
DH0229_MMIR_SNA	-5.4959	-44.666	-2.71388	SB37		-18.98451375	15.8340375	-11.59523083
DH0230_MMIR_SNA	-6.35825	-47.193	-2.24551	SB38		-18.27809706	15.7087825	-11.4580058
DH0231_MMIR_SNA	-8.84439	-46.3994	-3.27879	SB39		-18.47209387	14.99690641	-11.29189291
DH0232_MMIR_SNA	-8.10555	-44.7547	-2.92992	SB40		-18.91498552	15.21557292	-11.26194976
DH0233_MMIR_SNA	-7.41407	-42.0032	-3.56728	SB41		-19.68315752	15.27740676	-11.40322682
DH0234_MMIR_SNA	-5.41006	-41.8604	-3.82984	SB42		-19.76989143	15.68863487	-11.75170015
DH0235_MMIR_SNA	-6.23359	-39.028	-4.94571	SB43		-20.54408237	15.3389595	-11.77311646
DH0236_MMIR_SNA	-8.70244	-39.6432	-4.98609	SB44		-20.33139037	14.77800976	-11.44111052
DH0237_NSEQ	-8.37483	-42.0584	-3.26899	SB45		-19.63971807	15.10591181	-11.19731171
DH0238_MMIR_SNA	-8.05338	-44.3515	-2.7507	SB46		-19.01802809	15.25414617	-11.21475762
DH0239_MMIR_SNA	-11.226	-45.5385	-4.16761	SB47		-18.68163687	14.33003656	-11.10654364
DH0240_MMIR_SNA	-12.6218	-43.9784	-5.21231	SB48		-19.1025284	13.86178013	-11.07514437
DH0241_MMIR_SNA	-25.9031	-34.8696	-10.1107	SB57		-21.41887499	10.15360992	-9.8681961
DH0242_MMIR_SNA	-23.6903	-33.5921	-8.98043	SB58		-21.76903608	10.81948734	-9.89533817
DH0243_MMIR_SNA	-49.0589	-41.3529	-16.2943	SB59		-19.41535211	4.028456461	-8.072208406
DH0244_MMIR_SNA	-49.18	-44.6818	-17.014	SB60		-18.54706814	3.892606744	-8.338401779
DH0245_MMIR_SNA	-52.2988	-47.9852	-18.2364	SB61		-17.64087993	3.008522195	-8.273639496
DH0246_MMIR_SNA	-54.4939	-46.9588	-17.6844	SB62		-17.85325277	2.597976401	-7.789081092
DH0247_MMIR_SNA	-51.957	-44.2558	-16.6256	SB63		-18.59260252	3.326709008	-7.826823336
DH0248_MMIR_SNA	-49.1343	-41.6357	-16.2553	SB64		-19.33714155	4.017185015	-8.062946996
DH0249_MMIR_SNA	-47.8677	-40.3065	-17.0582	SB65		-19.74252844	4.182924792	-8.378771392
DH0250_MMIR_SNA	-50.6002	-39.9646	-17.0981	SB66		-19.77992231	3.563268291	-7.972166488
DH0251_MMIR_SNA	-60.9566	-47.1528	-18.2912	SB67		-17.69016391	1.055705142	-6.978737655
DH0252_MMIR_SNA	-48.9389	-31.7295	-18.2393	SB68		-22.04680263	3.770625113	-8.16432867
DH0253_MMIR_SNA	20.4451	-17.6151	-13.2376	SB69		-27.05590997	20.10918219	-16.75289222
DH0254_MMIR_SNA	17.9785	-22.7386	-8.91468	SB70		-25.50358427	20.19571114	-15.61835748
DH0255_MMIR_SNA	15.9673	-18.5348	-11.2579	SB71		-26.65822267	19.39727636	-15.68671065
DH0256_MMIR_SNA	15.7396	-22.4856	-8.9532	SB72		-25.52716322	19.68710986	-15.28750867
DH0257_MMIR_SNA	14.1752	-28.881	-8.3052	SB73		-23.7686261	19.42902284	-15.15086055
DH0258_MMIR_SNA	13.9896	-32.6955	-8.0619	SB74		-22.73931023	19.42171378	-15.21138758
DH0259_MMIR_SNA	9.81922	-32.101	-8.57994	SB75		-22.83008745	18.40801244	-14.68981585
DH0260_MMIR_SNA	8.72463	-28.5715	-9.10658	SB76		-23.76640219	18.08542814	-14.51424179
DH0261_MMIR_SNA	10.0633	-26.0014	-8.28835	SB77		-24.45365495	18.50911523	-14.43383983
DH0262_NSEQ	11.1384	-21.7417	-7.22868	SB78		-25.57893221	18.91030706	-14.19797427
DH0263_NSEQ	11.5488	-17.4066	-9.80316	SB79		-26.8246759	18.62156696	-14.66981568
DH0264_NSEQ	8.03037	-16.636	-10.5496	SB80		-26.98274244	17.7204379	-14.28859311
DH0265_MMIR_SNA	7.61519	-20.5868	-9.43022	SB81		-25.88500278	17.79181741	-14.12545502
DH0266_MMIR_SNA	6.77029	-26.8354	-8.41246	SB82		-24.16857569	17.75045015	-14.0071311
DH0267_MMIR_SNA	5.14711	-32.0932	-8.71433	SB83		-22.74217007	17.33838857	-14.0307843
DH0268_MMIR_SNA	2.79786	-31.6428	-8.94825	SB84		-22.82231918	16.77602081	-13.7197921
DH0269_MMIR_SNA	3.584056377	-28.38894844	-7.239865303	SB85		-23.65304046	17.20833757	-13.3344717
DH0270_MMIR_SNA	4.91376	-24.4849	-8.537	SB86		-24.76230723	17.31594877	-13.67369012
DH0271_MMIR_SNA	4.1319	-15.7018	-10.9954	SB88		-27.16739539	16.77873152	-13.77838129
DH0272_MMIR_SNA	1.0762	-15.0308	-10.3853	SB89		-27.26575318	16.1833185	-13.16728173
DH0273_MMIR_SNA	-0.677736	-23.9751	-8.02805	SB90		-24.76968217	16.13572051	-12.71733472
DH0274_MMIR_SNA	-1.87824	-26.742	-7.07366	SB91		-23.97721392	16.00668531	-12.43107472
DH0275_MMIR_SNA	-1.30648	-29.8338	-8.63311	SB92		-23.21245793	15.90167978	-12.97738271
DH0276_MMIR_SNA	-4.81122	-29.7534	-8.30173	SB93		-23.15287465	15.16364185	-12.38409164
DH0277_MMIR_SNA	-4.52241	-25.818	-6.56182	SB94		-24.15446198	15.48922864	-11.89307292
DH0278_MMIR_SNA	-4.3452	-22.9167	-7.63176	SB95		-24.96578061	15.37124469	-12.04920873
DH0279_NSEQ	-3.94609	-18.4596	-8.7535	SB96		-26.1983841	15.29614364	-12.1916542
DH0280_NSEQ	-3.46106	-17.3456	-9.57562	SB97		-26.53118407	15.2833349	-12.40456777
DH0281_MMIR_SNA	-8.43022	-14.8853	-10.5306	SB98		-27.11744888	14.02606205	-11.79300486
DH0282_MMIR_SNA	-7.11154	-19.9522	-8.39652	SB99		-25.72506136	14.6373938	-11.70123829
DH0283_MMIR_SNA	-7.11154	-19.9522	-8.39652	SB99		-25.72506136	14.6373938	-11.70123829
DH0284_MMIR_SNA	-5.19969	-23.4895	-7.30153	SB100		-24.78535464	15.22813072	-11.8711212
DH0285_MMIR_SNA	-8.96627	-26.0294	-6.74601	SB101		-24.01420868	14.463371	-11.28692351
DH0286_MMIR_SNA	-8.42055	-30.123	-7.60276	SB102		-22.9595876	14.45657833	-11.71036026
DH0287_MMIR_SNA	-12.3374	-29.4833	-8.47659	SB103		-23.07867523	13.44692709	-11.30362679
DH0288_NSEQ	-11.7038	-26.2804	-5.82351	SB104		-23.86315388	13.98547558	-10.68754591
DH0289_MMIR_SNA	-17.8573	-11.7239	-12.1838	SB113		-27.82278056	11.66373512	-10.65360458
DH0290_MMIR_SNA	-21.9353	-24.7875	-11.682	SB114		-24.23862451	10.81603524	-10.42724351
DH0291_MMIR_SNA	-24.7426	-26.3648	-11.2972	SB115		-23.74904901	10.24184582	-9.986580794
DH0292_MMIR_SNA	-25.0678	-28.9334	-9.96985	SB116		-23.01547573	10.36503372	-9.738980315
DH0295_MMIR_SNA	43.9922	-11.4615	-20.4722	SB119		-29.39932116	24.32592291	-21.60396591
DH0296_MMIR_SNA	35.9687	-9.93581	-16.9699	SB120		-29.5350742	23.04510987	-19.58540003
DH0297_MMIR_SNA	32.4718	-11.8594	-15.8291	SB121		-28.91551874	22.42829782	-18.88780003
DH0298_MMIR_SNA	33.4823	-8.79388	-17.0826	SB122		-29.79320926	22.47029096	-19.20148011
DH0299_MMIR_SNA	10.929	-11.8159	-11.7574	SB123		-28.36531038	18.19424752	-14.80508323
DH0300_MMIR_SNA	10.8087	-15.9816	-10.3099	SB124		-27.20589708	18.38058585	-14.62041245
DH0301_MMIR_SNA	10.9033	-10.3062	-12.0662	SB125		-28.77734431	18.14325009	-14.81378909
DH0302_MMIR_SNA	11.926	1.51411	-14.3641	SB126		-32.02432133	18.03676036	-15.03568211
DH0303_MMIR_SNA	8.62273	-4.34875	-13.5848	SB127		-30.36872971	17.40780445	-14.59369965
DH0304_MMIR_SNA	6.83883	-10.1502	-10.6695	SB128		-28.69330597	17.4379821	-13.89818201
DH0305_MMIR_SNA	4.14109	-10.5353	-9.58708	SB129		-28.50226137	16.99275295	-13.27408433
DH0306_MMIR_SNA	0.156138	-15.1136	-10.1076	SB130		-27.21641331	16.01789059	-12.9729734
DH0307_MMIR_SNA	5.8728	-6.78934	-11.0918	SB131		-29.58394292	17.15972237	-13.72462271
DH0308_MMIR_SNA	1.03736	-3.14429	-12.5307	SB132		-30.50421933	15.86106159	-13.19631951
DH0309_MMIR_SNA	1.00141	-5.68041	-11.8384	SB133		-29.80502288	15.95477414	-13.13142249
DH0310_MMIR_SNA	0.777638	-9.24403	-10.8927	SB134		-28.81990373	16.04350112	-13.02072083
DH0311_MMIR_SNA	-1.32858	-12.4398	-11.3393	SB135		-27.93857306	15.50236626	-12.928608
DH0312_NSEQ	-5.10309	-5.84233	-12.9705	SB136		-29.67415924	14.41484464	-12.4895442
DH0313_MMIR_SNA	-5.49556	-8.5071	-12.0969	SB137		-28.92776731	14.45537176	-12.33655428
DH0314_MMIR_SNA	-6.33906	-13.1745	-11.2484	SB138		-27.63863392	14.38988796	-12.19722535
DH0315_MMIR_SNA	-11.3691	-11.6514	-10.2159	SB139		-27.91135757	13.41416244	-11.16942701
DH0316_MMIR_SNA	-11.3579	-8.41473	-10.8838	SB140		-28.79624388	13.31885129	-11.19916701
DH0317_MMIR_SNA	-11.2671	-5.83233	-11.378	SB141		-29.50269637	13.26695371	-11.22635446
DH0318_MMIR_SNA	-10.4469	-1.9386	-12.9466	SB142		-30.60743297	13.21971038	-11.55125216
DH0319_MMIR_SNA	-13.2002	-4.83387	-11.8253	SB143		-29.74417345	12.76659411	-11.00376683
DH0320_MMIR_SNA	-15.3533	-7.69424	-11.5974	SB144		-28.93029261	12.315428	-10.7422018
DH0321_NSEQ	-16.1961	-10.4314	-10.5916	SB145		-28.15136433	12.27441661	-10.49612073
DH0322_NSEQ	-19.2242	-10.9407	-11.8335	SB146		-27.99326411	11.4091313	-10.34504363
DH0323_NSEQ	-19.8095	-8.03915	-12.624	SB147		-28.78052836	11.16141322	-10.3266143
DH0324_NSEQ	-18.2244	-3.23607	-12.8802	SB148		-30.10228444	11.48168278	-10.43843052
DH0325_MMIR_SNA	-17.7394	-1.00315	-12.9744	SB149		-30.71090134	11.57768674	-10.4477436
DH0326_MMIR_SNA	-18.0354	1.34711	-12.9639	SB150		-31.33180761	11.51386279	-10.31428135
DH0327_MMIR_SNA	-23.2824	0.161888	-14.8895	SB151		-30.96998626	10.04804882	-10.01341885
DH0328_NSEQ	-22.7781	-8.7197	-12.1943	SB152		-28.52560678	10.55809054	-9.818803032
DH0329_MMIR_SNA	-22.8306	-11.0178	-12.1194	SB153		-27.90892031	10.55634986	-9.8799579
DH0330_MMIR_SNA	-33.1839	-6.22936	-17.7688	SB154		-29.15485648	7.392212418	-9.432497204
DH0331_MMIR_SNA	-32.5701	-2.54164	-19.1512	SB155		-30.19462642	7.326201888	-9.693218664
DH0332_NSEQ	-33.7523	-3.4373	-18.256	SB156		-29.90374923	7.193359815	-9.353160112
DH0333_MMIR_SNA	-36.7325	-5.57248	-19.2866	SB157		-29.30610998	6.369499708	-9.222665309
DH0334_MMIR_SNA	-39.2539	-6.48512	-19.9433	SB158		-29.03227249	5.704916026	-9.03109947
DH0335_MMIR_SNA	-39.7117	-1.64433	-20.163	SB159		-30.32175798	5.571676031	-8.832281409
DH0336_MMIR_SNA	-38.1642	0.863283	-20.8519	SB160		-31.04371835	5.818040197	-9.120276014
DH0337_MMIR_SNA	28.3567	22.1901	-22.4107	SB169		-38.12518204	20.54081404	-18.47783536
DH0338_MMIR_SNA	23.6301	7.95413	-18.9824	SB170		-34.12348477	19.9822069	-17.54846484
DH0339_MMIR_SNA	17.9107	6.96923	-17.2958	SB171		-33.69253697	18.94772949	-16.36691252
DH0340_MMIR_SNA	20.2862	7.53209	-18.9654	SB172		-33.94290062	19.23329634	-17.06752576
DH0341_MMIR_SNA	14.8511	3.4969	-15.6001	SB173		-32.65112555	18.51097754	-15.6679776
DH0342_MMIR_SNA	12.0848	1.57502	-14.4396	SB174		-32.04614116	18.06123338	-15.07361701
DH0343_MMIR_SNA	13.9837	23.605	-18.7533	SB175		-38.09848744	17.8565451	-15.49301386
DH0344_MMIR_SNA	12.975	18.3569	-17.4345	SB176		-36.63633409	17.82363688	-15.24632713
DH0345_MMIR_SNA	4.31347	7.44829	-14.712	SB177		-33.4653443	16.27758685	-13.77011785
DH0346_MMIR_SNA	4.04175	10.3653	-15.0976	SB178		-34.25038391	16.16056006	-13.70725483
DH0347_MMIR_SNA	4.5059	15.9021	-16.6667	SB179		-35.78643567	16.03403056	-13.91861445
DH0348_MMIR_SNA	4.24255	19.7164	-17.4117	SB180		-36.82234883	15.86584287	-13.90353534
DH0349_MMIR_SNA	1.61696	18.9641	-17.1459	SB181		-36.56032588	15.31516406	-13.48541542
DH0350_MMIR_SNA	1.95916	15.2639	-16.0176	SB182		-35.54445481	15.55814205	-13.42259622
DH0351_MMIR_SNA	1.76409	8.23607	-15.0701	SB183		-33.63537999	15.65194405	-13.44469369
DH0352_MMIR_SNA	-1.17807	8.5823	-14.7046	SB184		-33.65701309	15.04549699	-12.91683603
DH0353_NSEQ	-0.397366	12.6485	-15.8106	SB185		-34.79250042	15.05828115	-13.12657714
DH0354_MMIR_SNA	-0.131624	16.4679	-16.6229	SB186		-35.84254932	14.99894962	-13.20426508
DH0355_NSEQ	2.4579	21.5046	-17.5707	SB187		-37.26854983	15.44209721	-13.60928918
DH0356_NSEQ	-4.27697	19.3126	-16.7653	SB188		-36.52257464	14.04782059	-12.51904216
DH0357_MMIR_SNA	-5.70339	16.4846	-16.0956	SB189		-35.71815637	13.82565017	-12.26509306
DH0358_MMIR_SNA	-4.91264	13.2716	-15.7531	SB190		-34.86594163	14.05273009	-12.42506558
DH0359_MMIR_SNA	-7.99617	19.4523	-17.4864	SB191		-36.50743442	13.10505747	-12.12607779
DH0360_MMIR_SNA	-13.1045	17.2857	-18.1728	SB192		-35.84772677	11.85428247	-11.60650622
DH0361_MMIR_SNA	-13.1273	9.88755	-16.1462	SB193		-33.80952449	12.14714409	-11.42771528
DH0362_MMIR_SNA	-16.576	10.2411	-14.6766	SB194		-33.78833966	11.59115341	-10.57929612
DH0363_MMIR_SNA	-17.5152	13.9198	-15.9706	SB195		-34.79162195	11.18939292	-10.59178495
DH0364_MMIR_SNA	-16.6878	17.455	-17.183	SB196		-35.78967553	11.1965876	-10.85184806
DH0365_MMIR_SNA	-16.6474	20.2643	-18.084	SB197		-36.56839623	11.07295683	-10.95366009
DH0366_MMIR_SNA	-20.9018	19.8207	-17.7409	SB198		-36.35349296	10.16799581	-10.26677464
DH0367_MMIR_SNA	-20.1022	17.0724	-17.0586	SB199		-35.61483347	10.44783463	-10.33515623
DH0368_MMIR_SNA	-19.2372	13.52	-16.1839	SB200		-34.65688408	10.77060779	-10.40031012
DH0369_MMIR_SNA	-19.4325	11.067	-14.9191	SB201		-33.95873746	10.91372846	-10.18146784
DH0370_MMIR_SNA	-23.6269	18.0336	-17.9379	SB202		-35.8277966	9.525622242	-9.975470912
DH0371_MMIR_SNA	-38.4735	7.00189	-22.8498	SB203		-32.73819755	5.454242029	-9.290624229
DH0372_MMIR_SNA	-44.2627	6.81355	-24.1395	SB204		-32.61157363	3.961689783	-8.731263853
DH0373_MMIR_SNA	-52.3111	4.86236	-25.84	SB205		-31.98181078	1.899638351	-7.995931512
DH0374_MMIR_SNA	-63.2601	21.2251	-32.4864	SB206		-36.33572245	-1.541165552	-7.251570642
DH0377_NSEQ	31.0456	22.8632	-21.724	SB210		-38.33753295	21.24737772	-18.69633338
DH0378_MMIR_SNA	28.295	22.1876	-22.3588	SB211		-38.12164635	20.53467228	-18.4572881
DH0379_MMIR_SNA	28.5966	26.6173	-23.5645	SB212		-39.34759952	20.42516132	-18.60505982
DH0380_MMIR_SNA	12.5477	20.3442	-19.3951	SB213		-37.21942601	17.4369114	-15.54553383
DH0381_MMIR_SNA	10.0025	21.0912	-18.0101	SB214		-37.32410492	17.07150159	-14.83445787
DH0382_MMIR_SNA	10.0671	24.1454	-18.2975	SB215		-38.14946351	17.04470613	-14.79421233
DH0383_NSEQ	10.5417	28.9696	-21.7444	SB216		-39.55433197	16.64083482	-15.4513943
DH0384_MMIR_SNA	6.38413	34.592	-22.7185	SB217		-41.00141491	15.56454701	-14.84598628
DH0385_MMIR_SNA	5.66753	30.4482	-22.0947	SB225		-39.86160403	15.49439293	-14.75585732
DH0386_MMIR_SNA	4.35224	33.2914	-22.003	SB226		-40.59096516	15.21388883	-14.43574215
DH0387_MMIR_SNA	1.86415	35.0461	-19.9742	SB227		-40.94556527	14.95756193	-13.55234248
DH0388_MMIR_SNA	-0.977165	33.4658	-19.2028	SB228		-40.4424029	14.43324205	-13.02077126
DH0389_MMIR_SNA	-5.75606	30.4112	-17.6248	SB229		-39.48148645	13.59292191	-12.07905633
DH0390_MMIR_SNA	-1.42246	28.715	-20.4276	SB230		-39.20393547	14.14874376	-13.40448552
DH0391_MMIR_SNA	-2.40059	26.3755	-19.2854	SB231		-38.52413095	14.09780916	-13.09330839
DH0392_MMIR_SNA	-0.127022	22.4547	-18.2514	SB232		-37.49128372	14.76055467	-13.34435191
DH0393_MMIR_SNA	-4.705106998	22.29710162	-17.37276253	SB233		-37.32941574	13.86267968	-12.47996923
DH0394_MMIR_SNA	-5.71701	30.6424	-17.7033	SB234		-39.54643015	13.59012629	-12.09366853
DH0395_MMIR_SNA	-4.03484	35.0881	-19.5029	SB235		-40.82307886	13.70242954	-12.57645614
DH0396_MMIR_SNA	-2.72701	37.1721	-19.679	SB236		-41.41110858	13.97103582	-12.73081341
DH0397_MMIR_SNA	-5.86768	37.7648	-19.7946	SB237		-41.50957163	13.24853721	-12.27155078
DH0398_MMIR_SNA	-7.01459	34.7068	-18.5625	SB238		-40.63180726	13.17271822	-11.94224563
DH0399_MMIR_SNA	-8.11221	31.1032	-17.8402	SB239		-39.62539147	13.03187358	-11.75393245
DH0400_MMIR_SNA	-8.44511	27.4695	-17.1547	SB240		-38.62751415	13.05734191	-11.68764153
DH0401_MMIR_SNA	-8.562042404	23.02279329	-17.89381794	SB241		-37.46161796	12.91901027	-12.0003839
DH0402_MMIR_SNA	-12.6449	23.6007	-17.6964	SB242		-37.52733822	12.03139933	-11.33316279
DH0403_MMIR_SNA	-11.3738	27.5256	-17.5725	SB243		-38.59651013	12.33725553	-11.34683065
DH0404_MMIR_SNA	-10.4684	29.7022	-17.4971	SB244		-39.19326542	12.5529104	-11.38247393
DH0405_MMIR_SNA	-10.4036	33.6875	-18.3156	SB245		-40.2837297	12.44759153	-11.42574734
DH0406_NSEQ	-8.97947	38.848	-20.384	SB246		-41.75434424	12.46227399	-11.90368996
DH0407_NSEQ	-14.3429	38.4938	-19.2726	SB247		-41.51688955	11.42249752	-10.87908928
DH0408_MMIR_SNA	-13.1663	36.5383	-19.6461	SB248		-41.03044867	11.63034192	-11.20840608
DH0409_NSEQ	-14.73476662	29.88364504	-18.79643912	SB249		-39.19633145	11.40121868	-11.03594703
DH0410_MMIR_SNA	-14.1673	25.5164	-18.5357	SB250		-38.0341455	11.56542587	-11.22416969
DH0411_MMIR_SNA	-15.8033	23.0725	-18.1798	SB251		-37.33782624	11.24967057	-10.99484104
DH0412_MMIR_SNA	-18.84966295	25.12319212	-18.76605233	SB252		-37.84200981	10.47903273	-10.59990471
DH0413_MMIR_SNA	-18.76247998	28.31806807	-17.61527778	SB253		-38.66035105	10.67132822	-10.23780095
DH0414_MMIR_SNA	-17.1474	35.1721	-19.8884	SB254		-40.59316871	10.69925604	-10.72638424
DH0415_MMIR_SNA	-16.8443	37.4695	-20.477	SB255		-41.2307999	10.68087524	-10.81647469
DH0416_MMIR_SNA	-20.6594	37.8163	-20.4734	SB256		-41.24631106	9.824475745	-10.24044172
DH0417_MMIR_SNA	-22.7195	38.7705	-20.0397	SB257		-41.445841	9.426625849	-9.804787483
DH0418_MMIR_SNA	-23.3063	36.2234	-20.6993	SB258		-40.7749213	9.195463235	-9.959863653
DH0419_MMIR_SNA	-28.2958	28.2878	-22.1577	SB259		-38.60222598	7.853804848	-9.844327216
DH0420_MMIR_SNA	-28.9507	30.5768	-22.4886	SB260		-39.21023313	7.658532941	-9.736197066
DH0421_MMIR_SNA	-24.2615	41.8464	-22.1174	SB261		-42.3006318	8.772567378	-9.925218264
DH0422_MMIR_SNA	-30.9913	28.999	-22.9385	SB262		-38.76210917	7.132415295	-9.594254648
DH0423_MMIR_SNA	36.0693	39.6876	-28.4159	SB263		-43.13813264	21.38844612	-20.2991804
DH0424_NSEQ	30.751	42.6686	-27.1348	SB264		-43.78632613	20.38563389	-19.11931239
DH0425_NSEQ	29.4573	40.0777	-27.3173	SB265		-43.07453123	20.06661461	-19.06568664
DH0426_MMIR_SNA	25.026	41.6583	-26.6058	SB266		-43.38471941	19.17767535	-18.19541066
DH0427_NSEQ	25.82070528	44.20214311	-25.36955085	SB267		-44.04091315	19.5413299	-17.94281295
DH0428_NSEQ	25.94444921	45.61773349	-26.55568206	SB268		-44.45830585	19.39334526	-18.17222867
DH0429_MMIR_SNA	22.5245	44.4003	-26.4105	SB269		-44.05991318	18.64604181	-17.68117557
DH0430_MMIR_SNA	15.5326	37.7785	-22.0835	SB270		-42.01637013	17.71581532	-15.93451342
DH0431_MMIR_SNA	6.68075	33.9168	-22.7995	SB271		-40.82974345	15.61881573	-14.93286318
DH0432_MMIR_SNA	-4.06296	40.0351	-20.8073	SB272		-42.18352256	13.50440565	-12.67832841
DH0433_MMIR_SNA	-7.24039	42.2547	-21.8099	SB273		-42.74317057	12.64246414	-12.35040992
DH0434_MMIR_SNA	-11.2922	43.1885	-21.3184	SB274		-42.89528784	11.80574621	-11.60909126
DH0435_MMIR_SNA	-15.1638	45.3845	-20.9688	SB275		-43.39231777	10.98900225	-10.87891232
DH0436_NSEQ	-16.4793	42.7444	-20.7345	SB276		-42.65390787	10.72706757	-10.73117989
DH0437_MMIR_SNA	-18.6784	44.7156	-21.1588	SB277		-43.14889234	10.17083087	-10.42805465
DH0438_MMIR_SNA	-17.38	47.4346	-21.3509	SB278		-43.90669229	10.43523915	-10.56094108
DH0443_MMIR_SNA	-20.5747	46.4411	-20.8364	SB283		-43.56104202	9.793587986	-10.01258956
DH0444_MMIR_SNA	-21.5238	43.3858	-20.7747	SB284		-42.72461972	9.588095016	-9.972717787
DH0445_MMIR_SNA	-24.6505	45.9407	-21.7435	SB285		-43.37371269	8.7427376	-9.632274227
DH0462_MMIR_SEA	-25.6155	49.0106	-37.9564	SA1		10.34875211	-16.31271625	-18.80389419
DH0463_MMIR_SEA	-26.2943	50.0149	-39.2438	SA2		9.902360088	-16.40349714	-19.11787596
DH0464_MMIR_SEA	-23.616	49.2927	-38.0231	SA3		10.20894926	-15.81420294	-18.44120549
DH0465_MMIR_SEA	-20.4961	49.9812	-37.6237	SA4		9.995497399	-15.13402904	-17.72938103
DH0466_MMIR_SEA	-18.6189	49.8632	-37.4199	SA5		10.0085708	-14.66595228	-17.367267
DH0467_MMIR_SEA	-16.0158	61.2167	-44.7997	SA6		5.736177982	-14.06939873	-17.43188586
DH0469_MMIR_SEA	-14.1101	65.6217	-46.8064	SA8		4.179628385	-13.72988791	-17.09852416
DH0470_MMIR_SEA	-10.1661	63.3803	-43.256	SA9		5.210788448	-12.99666076	-15.81493026
DH0474_NSEQ	-10.9672	53.8291	-39.7064	SA10		8.38217976	-12.7553841	-16.14760056
DH0475_NSEQ	-10.5957	51.1997	-37.8851	SA11		9.36246182	-12.65767347	-15.93654397
DH0476_NSEQ	-9.278	51.3617	-36.3864	SA12		9.501160483	-12.54946579	-15.33531464
DH0477_NSEQ	-8.69494	53.3172	-37.359	SA13		8.805156502	-12.45496186	-15.25241955
DH0478_NSEQ	-8.72815	55.372	-40.8133	SA14		7.737148235	-12.1715744	-15.85289019
DH0479_NSEQ	-8.10488	62.4491	-43.1214	SA15		5.433292582	-12.38916646	-15.52507678
DH0477_MMIR_SEA	-6.28575	65.3676	-44.1917	SA16		4.425136541	-12.05768093	-15.14606237
DH0478_MMIR_SEA	-2.98346	64.782	-44.1688	SA17		4.5036184	-11.14776992	-14.62928137
DH0479_MMIR_SEA	-0.977581	62.0197	-42.6927	SA18		5.4276335	-10.56403724	-14.2298023
DH0480_MMIR_SEA	-1.95456	56.0834	-40.5892	SA19		7.396336888	-10.52319208	-14.54421251
DH0481_MMIR_SEA	-3.96724	51.2501	-37.0382	SA20		9.298296465	-11.0702474	-14.57731208
DH0485_NSEQ	0.653736	50.5213	-37.3233	SA21		9.337016594	-9.760318075	-13.91936367
DH0486_NSEQ	1.12975	52.6838	-39.1834	SA22		8.457711628	-9.586198874	-14.04258705
DH0484_MMIR_SEA	2.34474	53.6703	-39.5802	SA23		8.096152617	-9.31385167	-13.81832457
DH0488_NSEQ	7.45969	55.1513	-40.5952	SA29		7.406334217	-7.993091973	-13.00809805
DH0489_NSEQ	9.2613	52.4959	-38.9056	SA30		8.337239831	-7.503783849	-12.58212203
DH0490_NSEQ	10.1779	50.4605	-38.4886	SA31		8.935298414	-7.122072831	-12.54406281
DH0491_NSEQ	12.3034	47.8267	-38.431	SA32		9.614551776	-6.315523504	-12.4453111
DH0486_MMIR_SEA	14.0902	48.4026	-37.7735	SA33		9.504541854	-6.006154768	-11.91661873
DH0487_MMIR_SEA	17.9166	48.6191	-37.6074	SA34		9.368890026	-5.062036459	-11.18804638
DH0488_MMIR_SEA	18.1973	59.5148	-44.9781	SA35		5.284835693	-5.021535465	-11.70416339
DH0489_MMIR_SEA	16.9422	61.8257	-45.951	SA36		4.538836109	-5.438275859	-11.90279918
DH0492_MMIR_SEA	-24.3909	38.6557	-32.7339	SA39		13.93201174	-15.70805934	-18.47534063
DH0493_MMIR_SEA	-23.4453	41.9806	-34.5109	SA40		12.73188273	-15.54141293	-18.37151874
DH0494_MMIR_SEA	-20.8466	42.6334	-34.8663	SA41		12.43219416	-14.8835041	-17.93274558
DH0495_MMIR_SEA	-21.241	39.9035	-31.0116	SA42		13.75579836	-15.26739656	-17.38499524
DH0496_MMIR_SEA	-20.6081	36.6251	-31.1173	SA43		14.62815175	-14.7585462	-17.65430046
DH0497_MMIR_SEA	-17.3938	36.3145	-29.7148	SA44		14.83361746	-14.09825121	-16.79686122
DH0498_MMIR_SEA	-16.3915	39.5949	-29.6505	SA45		13.91192613	-14.17830224	-16.25256511
DH0499_MMIR_SEA	-15.7997	41.5048	-31.4874	SA46		13.10263897	-13.95216337	-16.37746302
DH0500_MMIR_SEA	-14.8697	44.0936	-33.7552	SA47		12.03461285	-13.64462854	-16.47200175
DH0501_MMIR_SEA	-14.9166	46.6961	-34.5163	SA48		11.20736843	-13.80872862	-16.3787694
DH0508_NSEQ	-14.3518	48.6866	-35.8099	SA49		10.45552841	-13.67612477	-16.37117583
DH0503_MMIR_SEA	-11.0171	47.498	-35.4901	SA50		10.74264282	-12.7400237	-15.8437402
DH0510_NSEQ	-11.4506	45.1037	-33.633	SA51		11.68433645	-12.87938868	-15.73888923
DH0504_MMIR_SEA	-11.6236	42.9148	-32.4632	SA52		12.46265782	-12.87279837	-15.72902581
DH0506_MMIR_SEA	-12.726	41.2008	-29.5386	SA53		13.38937028	-13.40777907	-15.41459269
DH0513_NSEQ	-12.4007	37.0948	-28.983	SA54		14.59416808	-12.99071158	-15.67052547
DH0508_MMIR_SEA	-9.0387	37.6595	-31.2186	SA55		14.02551507	-11.8550148	-15.55306164
DH0509_MMIR_SEA	-6.70873	40.697	-30.6632	SA56		13.20748197	-11.63806433	-14.68784813
DH0510_MMIR_SEA	-6.86984	42.7475	-32.495	SA57		12.37984716	-11.62158488	-14.9273635
DH0511_MMIR_SEA	-7.24394	45.1038	-32.9342	SA58		11.67585974	-11.8920346	-14.84156953
DH0512_MMIR_SEA	-2.56484	47.7224	-35.742	SA59		10.42306368	-10.53964858	-14.40814717
DH0513_MMIR_SEA	-4.15246	41.4753	-32.8257	SA60		12.61161174	-10.74285406	-14.67022102
DH0514_MMIR_SEA	-3.51478	39.6508	-30.5801	SA61		13.42459386	-10.71852851	-14.22548383
DH0515_MMIR_SEA	2.679666034	35.24277593	-26.37334787	SA62		15.0899126	-9.27988067	-12.62929613
DH0516_MMIR_SEA	-2.2456	32.9895	-28.4351	SA63		15.54055604	-10.02965111	-14.21757865
DH0517_MMIR_SEA	1.00864	32.6642	-26.9123	SA64		15.76651827	-9.374913324	-13.32633046
DH0524_NSEQ	-0.339298	35.8154	-28.1829	SA65		14.7478966	-9.857237072	-13.5206699
DH0525_NSEQ	0.797764	38.2999	-29.9196	SA66		13.78042279	-9.562320523	-13.46486041
DH0520_MMIR_SEA	0.638751	41.9831	-31.9191	SA67		12.47801404	-9.685362156	-13.56714517
DH0521_MMIR_SEA	1.51188	43.6481	-33.6237	SA68		11.74814954	-9.380904316	-13.63827736
DH0522_MMIR_SEA	2.715	41.0573	-32.4161	SA69		12.60682797	-8.983334129	-13.42344897
DH0529_NSEQ	2.75885	38.231	-30.2812	SA70		13.69557405	-8.995851583	-13.21654164
DH0524_MMIR_SEA	2.21833	36.0602	-29.1398	SA71		14.47438726	-9.082058856	-13.27539458
DH0525_MMIR_SEA	6.2741	34.2065	-30.0799	SA72		14.74295902	-7.710596837	-12.99231634
DH0526_MMIR_SEA	6.89949	37.3168	-31.0518	SA73		13.72742469	-7.721434642	-12.77703602
DH0527_MMIR_SEA	7.56048	40.1635	-32.4044	SA74		12.72832971	-7.641575741	-12.67408538
DH0528_MMIR_SEA	9.64455	44.3797	-34.3657	SA75		11.22579021	-7.243479377	-12.31935951
DH0529_MMIR_SEA	11.3152	45.9356	-36.3514	SA76		10.46429941	-6.681142442	-12.32997179
DH0536_NSEQ	15.9559	47.3207	-36.2934	SA84		9.969305134	-5.628338792	-11.3589089
DH0537_NSEQ	19.104	46.005	-35.1216	SA85		10.42020206	-4.850732496	-10.67621263
DH0538_NSEQ	19.1039	43.8199	-34.7894	SA86		11.07120184	-4.678864668	-10.83391957
DH0539_NSEQ	25.617	39.3494	-33.8025	SA87		12.27738982	-2.686620025	-9.95044198
DH0534_MMIR_SEA	-39.3946	29.0053	-27.9437	SA88		17.682563	-19.31010406	-20.99696591
DH0535_MMIR_SEA	-29.924	25.2626	-27.1046	SA89		18.58916718	-16.60464873	-19.55507461
DH0536_MMIR_SEA	-30.0469	28.2545	-26.2217	SA90		17.89547089	-17.06494702	-19.04420538
DH0537_MMIR_SEA	-27.9344	27.4527	-27.2612	SA91		17.91027781	-16.2876923	-19.00908089
DH0538_MMIR_SEA	-27.9171	25.7101	-26.4715	SA92		18.50527003	-16.2218986	-19.00773161
DH0539_MMIR_SEA	-27.8195	17.0998	-24.1307	SA93		21.21792247	-15.66827544	-19.36812803
DH0540_MMIR_SEA	-26.2964	7.2697	-16.8718	SA94		24.94462643	-15.33321157	-18.44933433
DH0541_MMIR_SEA	-24.1712	6.7379	-15.0348	SA95		25.30274811	-14.99514075	-17.70259284
DH0542_MMIR_SEA	-24.7264	8.42141	-18.2546	SA96		24.38489052	-14.84329006	-18.37859215
DH0543_MMIR_SEA	-22.7805	19.4442	-22.046	SA97		20.74250549	-14.90156394	-17.74477443
DH0544_MMIR_SEA	-24.2123	31.0888	-29.0174	SA98		16.55471579	-15.43708506	-18.38351575
DH0545_MMIR_SEA	-22.6464	29.2925	-27.4413	SA99		17.23832538	-15.07880701	-17.93251562
DH0546_MMIR_SEA	-15.6455	21.9378	-22.0795	SA100		19.86321866	-13.3018116	-16.24143241
DH0547_MMIR_SEA	-19.9589	8.62838	-15.7554	SA101		24.566386	-13.99160009	-16.93556002
DH0548_MMIR_SEA	-16.0893	8.78188	-16.3338	SA102		24.33876289	-12.92247786	-16.38233553
DH0549_MMIR_SEA	-12.3493	8.8951	-15.2978	SA103		24.36030455	-12.1159138	-15.47425709
DH0550_MMIR_SEA	-6.31856	-0.170005	-12.1389	SA104		27.16214053	-10.09975283	-14.6578558
DH0551_MMIR_SEA	-2.89711	-1.57772	-11.4857	SA105		27.55588594	-9.167298808	-14.06017337
DH0552_MMIR_SEA	-9.41146	31.7954	-27.9351	SA106		16.13002205	-11.83548967	-15.47547853
DH0553_MMIR_SEA	-7.29723	29.9975	-25.6684	SA107		16.90011518	-11.43490603	-14.76592016
DH0560_NSEQ	-4.1879	29.6809	-26.3728	SA108		16.8037281	-10.49697308	-14.4256225
DH0561_NSEQ	-0.805887	28.2952	-25.0588	SA109		17.28848474	-9.672341331	-13.67616134
DH0556_MMIR_SEA	-0.956043	30.2171	-26.6066	SA110		16.53731623	-9.6810922	-13.86051586
DH0557_MMIR_SEA	10.5871	31.3611	-25.7442	SA111		16.04521648	-6.934517945	-11.52410751
DH0558_MMIR_SEA	20.442	27.6854	-22.3139	SA112		17.2999387	-4.510498193	-9.395345274
DH0560_MMIR_SEA	-42.5745	-6.22514	-12.8974	SA114		29.67032723	-18.76034559	-21.80129961
DH0561_MMIR_SEA	-34.4482	-8.0701	-11.021	SA115		30.2394227	-16.74336449	-20.14287802
DH0562_MMIR_SEA	-33.3377	-5.73418	-11.5589	SA116		29.48788029	-16.61345019	-19.8242708
DH0563_MMIR_SEA	-32.3893	-4.89082	-13.2793	SA117		28.9803809	-16.20456857	-19.97487335
DH0564_MMIR_SEA	-29.1428	-6.67687	-10.941	SA118		29.72799865	-15.52259846	-19.05005973
DH0565_MMIR_SEA	-26.3098	-5.35724	-11.0844	SA119		29.26906804	-14.90177853	-18.44828482
DH0572_NSEQ	-24.3077	-6.90326	-10.054	SA120		29.79291343	-14.37705147	-18.02335925
DH0567_MMIR_SEA	-24.6819	-9.68037	-9.97021	SA121		30.58088188	-14.20653205	-18.36891724
DH0574_NSEQ	-25.1667	-12.8502	-8.40665	SA122		31.69516116	-14.23875682	-18.42625589
DH0570_MMIR_SEA	-21.7711	-13.029	-8.52829	SA124		31.63798616	-13.3247689	-17.88343462
DH0571_MMIR_SEA	-22.399	-9.48714	-10.6973	SA125		30.36218698	-13.53041619	-18.12268295
DH0572_MMIR_SEA	-23.346	-7.47826	-10.2459	SA126		29.89846669	-14.04270108	-17.96354638
DH0573_MMIR_SEA	-24.065	-5.5882	-11.3585	SA127		29.23421807	-14.25824052	-18.14742288
DH0574_MMIR_SEA	-20.852	-4.45048	-10.8506	SA128		28.91019547	-13.61484555	-17.34517119
DH0575_MMIR_SEA	-20.9594	-6.17366	-10.3509	SA129		29.46093903	-13.54139588	-17.43200037
DH0576_MMIR_SEA	-20.5504	-8.2064	-10.546	SA130		29.98256696	-13.202894	-17.62673362
DH0577_MMIR_SEA	-19.1513	-13.5874	-6.65975	SA131		31.9950932	-12.86062323	-17.04603821
DH0578_MMIR_SEA	-16.8626	-14.9821	-5.82858	SA132		32.44074492	-12.24821407	-16.6019896
DH0579_MMIR_SEA	-16.6766	-12.2595	-6.55488	SA133		31.57934065	-12.36917167	-16.44701288
DH0580_MMIR_SEA	-17.8035	-10.7894	-8.12403	SA134		30.97523403	-12.58206369	-16.85524052
DH0581_MMIR_SEA	-17.3345	-7.45573	-10.0571	SA135		29.76246554	-12.51706219	-16.87031684
DH0582_MMIR_SEA	-17.504	-3.53713	-11.799	SA136		28.43284545	-12.70369355	-16.88806039
DH0583_MMIR_SEA	-11.5435	-0.63577	-12.8951	SA137		27.31734971	-11.29539348	-15.7963008
DH0584_MMIR_SEA	-13.9015	-3.81676	-9.86157	SA138		28.69737144	-12.02332007	-15.83321987
DH0585_MMIR_SEA	-13.6759	-6.47482	-9.28129	SA139		29.50898341	-11.78129398	-15.94412012
DH0586_MMIR_SEA	-13.9186	-9.36912	-7.37854	SA140		30.59023572	-11.82758219	-15.84932869
DH0587_MMIR_SEA	-13.8198	-11.5105	-6.10116	SA141		31.36397842	-11.77099115	-15.76158794
DH0594_NSEQ	-12.9009	-14.2079	-5.74616	SA142		32.13556215	-11.3131259	-15.80936311
DH0595_NSEQ	-7.45854	-4.86256	-9.12339	SA143		28.92461608	-10.35789049	-14.65049648
DH0590_MMIR_SEA	-7.89468	-1.97491	-10.3004	SA144		27.9684446	-10.5913287	-14.69252348
DH0591_MMIR_SEA	-4.3428	-2.40981	-10.1756	SA145		28.01364324	-9.646724151	-14.09191792
DH0592_MMIR_SEA	-4.31348	-3.91127	-8.64371	SA146		28.64969088	-9.709239281	-13.88689749
DH0593_MMIR_SEA	1.06041	-5.92056	-6.85933	SA147		29.32272625	-8.374481848	-12.74698942
DH0594_MMIR_SEA	1.05584	-3.21904	-7.96293	SA148		28.41727745	-8.488144798	-12.716677
DH0595_MMIR_KAL	3.53117	-5.03987	-7.25485	SA149		28.957694	-7.766807812	-12.31532952
DH0596_MMIR_KAL	31.64331466	15.69799163	-17.14446992	K1		24.27205649	-18.43469901	-18.61218462
DH0597_MMIR_KAL	25.73802059	15.56953531	-16.87653394	K2		23.92171524	-16.4317333	-17.71361758
DH0598_MMIR_KAL	23.51970419	17.34307451	-15.70068343	K3		24.43563176	-15.76727125	-16.91983973
DH0599_MMIR_KAL	18.14821734	16.01243033	-15.3904138	K4		23.66408364	-13.99781622	-16.13481381
DH0600_MMIR_KAL	15.90640896	17.72168799	-14.8160593	K5		24.17045223	-13.24217769	-15.54944769
DH0601_MMIR_KAL	13.66007672	15.76870906	-13.12187488	K6		23.28344506	-12.77358834	-14.74207966
DH0602_MMIR_KAL	6.792894283	-4.022335175	-9.771654048	K7		15.49052328	-11.5714108	-13.53942001
DH0603_MMIR_KAL	4.926175183	-4.772929845	-7.638784446	K8		15.05639848	-11.25392996	-12.57711496
DH0604_MMIR_KAL	0.203697288	-4.403770617	-11.09697082	K9		15.05842462	-9.114524885	-13.1112466
DH0605_MMIR_KAL	-12.10475572	12.9030739	-10.80888974	K10		20.86521184	-4.278589065	-10.52991952
DH0606_MMIR_KAL	-19.04184596	7.540293993	-7.959021102	K11		18.4436087	-2.469934369	-8.832637
DH0607_MMIR_KAL	-18.68737814	9.237154097	-9.721544361	K12		19.14300324	-2.282587581	-9.415442025
DH0614_NSEQ	-21.21970062	9.282852845	-8.578316062	K13		19.0002823	-1.565959556	-8.668708071
DH0609_MMIR_KAL	-20.84505906	12.73111445	-10.99937733	K14		20.37051373	-1.23012868	-9.402834265
DH0610_MMIR_KAL	-9.638565613	24.53410571	-10.32181703	K15		25.29520597	-4.789768163	-10.16886425
DH0611_MMIR_KAL	-13.90650682	24.73532354	-8.884109282	K16		25.11504098	-3.508201169	-9.074357124
DH0618_NSEQ	-27.58466107	4.866072776	-12.3928069	K17		17.152653	1.023322007	-9.31924168
DH0619_NSEQ	-28.1804349	6.22708919	-11.58043535	K18		17.60489697	1.162692906	-8.893371963
DH0614_MMIR_KAL	-29.04987323	9.129147741	-11.66313487	K19		18.64204155	1.578425634	-8.670120447
DH0615_MMIR_KAL	-30.16552133	4.738945891	-10.62741953	K20		16.92519481	1.662390595	-8.357852146
DH0616_MMIR_KAL	-33.07144952	4.282934931	-8.743815221	K21		16.5558833	2.38563611	-7.32578855
DH0617_MMIR_KAL	-30.67800585	10.2131907	-12.78808618	K22		18.99623136	2.340370751	-8.787241871
DH0618_MMIR_KAL	-31.96367795	11.21998655	-13.37698372	K23		19.32321884	2.904919661	-8.768949478
DH0619_MMIR_KAL	-34.32485495	9.675458584	-12.75868581	K24		18.61353472	3.580369347	-8.300463385
DH0620_MMIR_KAL	-34.35572837	11.31006862	-12.77990203	K25		19.21988505	3.651998181	-8.228965158
DH0621_MMIR_KAL	-35.95032457	9.310288676	-12.23136358	K26		18.38137187	4.055675697	-7.910803585
DH0622_MMIR_KAL	-35.78057472	7.255091166	-10.85849769	K27		17.58636352	3.729317516	-7.551592595
DH0631_NSEQ	-37.07852205	12.14532487	-11.4863167	K30		19.35660745	4.441255637	-7.367845485
DH0632_NSEQ	-36.51093975	14.25827177	-13.59206126	K31		20.23121136	4.618209943	-8.080031475
DH0627_MMIR_KAL	-39.46304879	18.27112468	-13.59570998	K32		21.57474976	5.783504829	-7.492459443
DH0628_MMIR_KAL	-39.69814229	15.25513256	-12.82520846	K33		20.4201162	5.648772249	-7.330483312
DH0645_MMIR_KAL	26.99860506	17.89521538	-17.45821364	K58		24.86559272	-16.70346356	-17.98250409
DH0646_MMIR_KAL	24.44253774	18.75190854	-15.99576857	K59		25.01368837	-15.99514974	-17.0847257
DH0647_MMIR_KAL	28.36474332	28.8091398	-15.70420233	K60		28.93738094	-17.03871444	-17.06342345
DH0648_MMIR_KAL	19.4501357	31.23091507	-16.37853029	K61		29.41166132	-13.76933494	-15.96186829
DH0649_MMIR_KAL	17.03848345	30.45818531	-14.71955504	K62		28.95589985	-13.19666239	-15.09012345
DH0650_MMIR_KAL	17.44661014	31.94550627	-14.85345676	K63		29.5327274	-13.26633384	-15.1247723
DH0651_MMIR_KAL	13.90230514	30.74645347	-12.41764917	K64		28.83942599	-12.42661867	-13.84730422
DH0652_MMIR_KAL	14.8955784	33.00972691	-13.43686283	K65		29.75950748	-12.54590659	-14.23412186
DH0653_MMIR_KAL	15.43079234	34.90450585	-14.98598638	K66		30.53524371	-12.44442339	-14.75868418
DH0654_MMIR_KAL	10.41684912	34.00171747	-15.09842682	K67		29.95280133	-10.72369749	-14.14992921
DH0655_MMIR_KAL	12.17974401	32.26750445	-14.8724988	K68		29.38996022	-11.42784378	-14.39294577
DH0656_MMIR_KAL	10.81842535	30.31306396	-13.22408278	K69		28.5479262	-11.25937233	-13.72313728
DH0657_MMIR_KAL	7.096432812	22.53006114	-12.73714879	K70		25.45647037	-10.31499128	-13.39801452
DH0658_MMIR_KAL	6.989738555	24.50608011	-11.97101032	K71		26.16295679	-10.31668013	-13.02731854
DH0659_MMIR_KAL	8.641670393	30.09875393	-12.32273584	K72		28.33340079	-10.64081365	-13.1210592
DH0660_MMIR_KAL	8.829545283	32.95741078	-12.48929834	K73		29.40964807	-10.58096417	-13.07417586
DH0661_MMIR_KAL	7.580041656	36.08393113	-13.94442014	K74		30.55115128	-9.830960846	-13.26465157
DH0662_MMIR_KAL	6.342207334	30.4022865	-13.12590331	K75		28.35474177	-9.719628882	-13.06990859
DH0663_MMIR_KAL	1.557216081	24.3128086	-13.94522922	K76		25.87739551	-8.16174308	-12.97465197
DH0664_MMIR_KAL	-4.958144531	36.48647576	-12.53557358	K77		30.03373131	-5.673453244	-11.03453062
DH0665_MMIR_KAL	-5.271504413	38.97069656	-11.90888032	K78		30.92276059	-5.56576748	-10.66062185
DH0666_MMIR_KAL	-8.52120568	36.90689956	-13.35433949	K79		30.03586773	-4.30821867	-10.80982182
DH0667_MMIR_KAL	-9.481676793	24.7252281	-10.31369453	K80		25.3738061	-4.838491892	-10.17888003
DH0668_MMIR_KAL	-13.85838637	24.82802029	-8.911279001	K81		25.15267192	-3.517730843	-9.086165307
DH0669_MMIR_KAL	-14.98353752	26.28493361	-9.46052026	K82		25.6537424	-2.998458631	-9.055623568
DH0670_MMIR_KAL	-11.23132738	40.43754513	-13.0914158	K83		31.20458396	-3.281644159	-10.18501938
DH0671_MMIR_KAL	-11.91676081	37.46873626	-13.43324926	K84		30.07737014	-3.10093721	-10.34496193
DH0672_MMIR_KAL	-15.89413512	40.99464068	-13.25848883	K85		31.18362364	-1.623064571	-9.576829796
DH0679_NSEQ	-17.91605632	41.98240573	-13.36389072	K86		31.45271211	-0.872742028	-9.290474033
DH0680_NSEQ	-23.4253497	27.43092912	-12.40224643	K87		25.74365302	0.38355182	-8.864009639
DH0681_NSEQ	-31.56408378	36.68832774	-15.04026597	K88		28.85332398	3.904943527	-8.238390468
DH0673_MMIR_KAL	-31.5667631	37.77079409	-15.37229027	K89		29.26500078	3.991325547	-8.303814312
DH0674_MMIR_KAL	-32.38133219	38.31226372	-15.76157966	K90		29.43682509	4.347887717	-8.302239424
DH0675_MMIR_KAL	-34.50632646	37.83081438	-15.25939126	K91		29.13725611	4.995667796	-7.857967371
DH0679_MMIR_KAL	-39.87265558	29.70159145	-14.89665418	K92		25.83869758	6.514974435	-7.365789568
DH0680_MMIR_KAL	-42.49592561	35.20509743	-16.62844742	K93		27.80274242	7.864309974	-7.354985218
DH0681_MMIR_KAL	-44.99057	33.6206543	-17.0498199	K94		27.10182503	8.732045047	-7.230723098
DH0682_MMIR_KAL	-42.94187091	45.10145126	-16.50111074	K95		31.45336836	8.351413328	-6.79777074
DH0683_MMIR_KAL	15.00849893	43.2076399	-15.90185162	K102		33.62551489	-11.87400206	-14.63941515
DH0684_MMIR_KAL	12.37836801	43.99679761	-15.39067321	K103		33.77250883	-11.0074977	-14.0646103
DH0685_MMIR_KAL	10.43198012	41.62560684	-14.09586725	K104		32.75673002	-10.6009771	-13.45612446
DH0686_MMIR_KAL	8.796508428	40.03144791	-12.41482008	K105		32.03390753	-10.3294036	-12.72087528
DH0687_MMIR_KAL	3.657618015	39.4073951	-13.79160468	K106		31.5855782	-8.376183587	-12.52092586
DH0688_MMIR_KAL	-1.978898885	57.82355257	-14.5960715	K107		38.16937905	-5.657046412	-11.18485934
DH0689_MMIR_KAL	-4.179706217	58.29909013	-12.13475823	K108		38.16453638	-5.226978208	-10.00671277
DH0690_MMIR_KAL	-10.39835369	44.9856523	-13.55327477	K109		32.94927995	-3.343495106	-10.25212132
DH0691_MMIR_KAL	-11.6494344	45.08217708	-14.18239185	K110		32.94099004	-2.81748051	-10.29408993
DH0692_MMIR_KAL	-14.41477785	45.97744514	-13.00831206	K111		33.10136128	-1.994406866	-9.465849638
DH0693_MMIR_KAL	-11.4629901	53.27006756	-13.85067951	K112		35.98252821	-2.638960629	-9.830848834
DH0694_MMIR_KAL	-13.92662246	56.54260656	-13.92123255	K113		37.07736677	-1.659612672	-9.367408206
DH0695_MMIR_KAL	-12.71547647	53.45290677	-13.81306282	K114		35.98682995	-2.203970918	-9.637342678
DH0696_MMIR_KAL	-14.39721605	51.05028909	-13.89298002	K115		35.01259866	-1.695242197	-9.543655248
DH0697_MMIR_KAL	-15.7889929	41.02104249	-13.3025846	K116		31.19996476	-1.652294359	-9.605372719
DH0698_MMIR_KAL	-18.22018958	42.10878152	-13.74349826	K117		31.49552645	-0.709071517	-9.374628572
DH0699_MMIR_KAL	-18.95746631	45.88295488	-11.74516957	K118		32.80270167	-0.603389109	-8.407657511
DH0700_MMIR_KAL	-15.24941186	43.75599757	-9.773278329	K119		32.14024855	-2.242882639	-8.330082478
DH0707_NSEQ	-18.45768214	43.41136839	-10.42658222	K120		31.87105722	-1.051123711	-8.131638394
DH0708_NSEQ	-17.26523208	49.66742056	-12.82506608	K121		34.32458306	-0.902275129	-8.842136908
DH0709_NSEQ	-17.29031036	54.90340898	-13.47264673	K122		36.28740119	-0.616187951	-8.824372018
DH0701_MMIR_KAL	-18.8033848	54.39666207	-14.24704407	K123		36.04613805	-0.000193151	-8.908286686
DH0711_NSEQ	-19.61036057	50.12648057	-12.53840442	K124		34.36970545	-0.114343972	-8.399465712
DH0702_MMIR_KAL	-19.09255406	45.83603322	-11.84155561	K125		32.78133083	-0.544587567	-8.42468039
DH0703_MMIR_KAL	-24.17783972	45.99826365	-15.39601636	K126		32.69116974	1.726812522	-8.951808586
DH0707_MMIR_KAL	-23.62464721	44.2124801	-14.77049961	K127		32.0371458	1.383186718	-8.892302412
DH0709_MMIR_KAL	-26.85502465	44.42710994	-15.39862328	K128		31.97388831	2.598850041	-8.656554261
DH0710_MMIR_KAL	-26.132474	46.59623897	-14.57903791	K129		32.79196138	2.309183025	-8.372447145
DH0711_MMIR_KAL	-25.42391674	48.75015556	-15.64418312	K130		33.65853812	2.291157016	-8.741070333
DH0712_MMIR_KAL	-30.38096304	54.0170211	-16.09344289	K131		35.38082814	4.25858214	-7.975367426
DH0713_MMIR_KAL	-31.28852408	56.88565394	-14.11137925	K132		36.34355786	4.393466583	-7.031977216
DH0714_MMIR_KAL	-29.67227845	60.21047226	-15.71969988	K133		37.70626134	4.179566119	-7.660348164
DH0715_MMIR_KAL	-33.56569794	56.26574247	-15.89054136	K134		36.0513485	5.412643267	-7.364691189
DH0716_MMIR_KAL	-34.7990752	54.29071846	-16.47197252	K135		35.2729532	5.852352738	-7.487109481
DH0717_MMIR_KAL	-36.35658651	55.15868449	-16.86569717	K136		35.52911211	6.478460162	-7.37007969
DH0724_NSEQ	-38.09978339	49.3943079	-16.43906381	K137		33.28814226	6.817497156	-7.245644671
DH0718_MMIR_KAL	-39.48191001	49.45631672	-16.93660845	K138		33.25665755	7.3690189	-7.225528843
DH0719_MMIR_KAL	-42.35274542	45.95532349	-16.162417	K139		31.79014502	8.129565074	-6.722227175
DH0720_MMIR_KAL	-34.97059356	60.58548428	-16.21539918	K140		37.59549205	6.098438122	-7.087169406
DH0722_MMIR_KAL	-36.02063435	63.94607891	-16.58619524	K141		38.80235576	6.633842428	-6.918132307
DH0729_NSEQ	-38.0784837	64.53102095	-17.27656005	K142		38.93702266	7.465307292	-6.848196655
DH0730_NSEQ	-38.94641919	60.8454907	-16.56365904	K143		37.50373085	7.534227361	-6.649809347
DH0724_MMIR_KAL	-41.47634204	60.8223423	-16.51957794	K145		37.36754227	8.403489112	-6.287927039
DH0725_MMIR_KAL	-42.34741424	58.99769451	-17.47548777	K146		36.67400021	8.776145954	-6.583201863
DH0728_MMIR_KAL	-41.61839903	56.04010711	-16.17807425	K147		35.57386205	8.23478952	-6.368214041
DH0729_MMIR_KAL	-36.08815215	53.46147974	-16.77724895	K148		34.90941064	6.312788658	-7.453751206
DH0730_MMIR_KAL	9.781513035	67.40805509	-14.58967418	K149		42.31706825	-9.391973897	-12.36115366
DH0731_MMIR_KAL	-0.713256604	74.25248617	-17.43521083	K150		44.41871249	-5.110553332	-11.59393687
DH0732_MMIR_KAL	-2.788780925	71.58972748	-15.81844639	K151		43.27879575	-4.715300721	-10.86930335
DH0733_MMIR_KAL	-6.102625224	67.38021557	-16.0945587	K152		41.55751265	-3.677432643	-10.70190092
DH0734_MMIR_KAL	-7.615091116	71.10794865	-16.43636524	K153		42.87684183	-2.972951604	-10.44250268
DH0741_NSEQ	-9.155901077	68.69546234	-15.84298627	K154		41.88638427	-2.608890221	-10.13501278
DH0735_MMIR_KAL	-10.87911371	69.44249157	-16.07892388	K155		42.08474905	-1.952052223	-9.945985552
DH0736_MMIR_KAL	-10.12951552	71.40432558	-15.78560305	K156		42.84247684	-2.183787913	-9.857659659
DH0737_MMIR_KAL	-19.43390384	63.35680042	-14.52170668	K157		39.35143559	0.574688009	-8.507930799
DH0739_MMIR_KAL	-17.14995087	66.50810861	-15.82724203	K158		40.67420104	0.080405677	-9.130914139
DH0740_MMIR_KAL	-16.80790413	69.00322332	-16.27867178	K159		41.6313766	0.114375128	-9.220653583
DH0741_MMIR_KAL	-15.59489761	70.91075355	-16.01979425	K160		42.39306799	-0.274918448	-9.210435865
DH0742_MMIR_KAL	-18.94199442	74.37392433	-17.14711368	K161		43.54537795	1.167099542	-8.983567813
DH0743_MMIR_KAL	-20.11534181	72.88017839	-17.18463103	K162		42.93294905	1.525920807	-8.903539645
DH0744_MMIR_KAL	-20.63929265	68.66130182	-16.25577695	K163		41.31240185	1.426157593	-8.701835841
DH0745_MMIR_KAL	-20.41769858	67.13551769	-16.19984602	K164		40.75499279	1.287397888	-8.782528581
DH0746_MMIR_KAL	-22.89642444	63.72820928	-14.84782567	K165		39.32604375	1.833481863	-8.128337712
DH0747_MMIR_KAL	-29.34093919	69.28271905	-17.80947746	K166		41.15405657	4.682702559	-8.016850093
DH0748_MMIR_KAL	-27.33090412	87.06326741	-18.6003666	K167		47.88307922	4.728717083	-7.755821311
DH0749_MMIR_KAL	-29.97100097	73.09854954	-18.01512454	K168		42.54620581	5.065338347	-7.827439751
DH0750_MMIR_KAL	-32.45682431	71.8936684	-18.2793553	K169		41.98216641	5.921179162	-7.632538736
DH0636_MMIR_KAL	-40.66629054	26.43406848	-14.46886017	K41		24.572707	6.613410532	-7.257456394